377
352
41
9
57
107
104
94
6
4
17
27
6
4
17
84
65
2
4
12
18
2
4
12
222
211
11
33
55
11
33
92
81
1
10
4
15
71
54
2
1
6
9
2
1
6
71
54
4
1
3
8
4
1
3
125
4
3
10
17
107
98
10
7
22
39
10
7
22
115
113
13
3
13
29
13
3
13
87
76
3
5
6
14
3
5
6
4
57
46
1
1
126
8
2
13
23
160
13
12
9
34
125
1
5
2
7
14
0
0
0
564
162
49
9
90
148
20
7
54
53
0
2
8
10
50
50
1
5
3
71
71
8
3
6
17
8
3
6
112
100
10
2
1
13
10
2
1
158
108
7
11
13
31
7
11
13
90
85
6
2
12
20
6
2
12
172
151
6
2
18
26
6
2
18
65
65
4
1
4
9
4
1
4
97
85
12
5
16
33
12
5
16
175
5
3
15
23
107
62
4
2
5
11
4
2
5
185
162
13
20
36
13
20
66
60
1
3
1
105
27
15
19
34
89
19
15
34
19
15
798
766
55
17
63
135
55
17
63
229
229
24
14
28
66
24
14
28
198
178
15
20
20
55
15
20
20
691
680
22
52
97
22
52
221
219
28
35
36
99
241
202
15
24
45
84
15
24
45
253
245
33
18
35
86
33
18
35
396
284
33
16
58
107
30
46
280
260
24
30
40
94
24
30
40
440
351
17
14
31
62
17
14
31
238
236
20
23
35
78
20
23
35
75
11
6
16
33
489
489
54
79
133
278
36
10
21
67
700
31
24
43
98
548
1
18
7
29
54
0
0
0
131
8
7
11
26
1117
195
98
18
127
243
53
12
34
168
11
11
19
41
262
227
14
18
37
234
234
18
11
33
62
18
11
33
456
449
8
16
10
34
8
16
10
393
362
30
20
61
111
30
20
61
211
24
10
17
51
24
10
17
640
597
22
10
36
68
22
10
36
253
253
20
6
28
54
20
6
28
205
205
25
9
42
76
25
9
42
500
12
7
36
55
590
36
18
47
101
36
18
47
510
498
25
19
46
25
19
234
217
31
23
41
95
31
23
41
57
380
365
43
17
45
105
43
17
45
1085
1080
20
9
31
60
20
9
31
14
14
3
3
3
9
3
3
3
10
7
2
2
4
2
2
45
43
9
16
29
9
16
13
12
3
1
3
7
8
8
1
1
1
6
5
1
1
1
38
3
0
6
9
13
13
3
4
2
9
3
4
2
66
64
2
1
6
9
2
1
6
15
15
4
4
4
3
2
0
0
0
56
5
1
5
11
100
9
5
23
37
32
0
1
0
4
5
0
0
0
6
0
0
2
2
953
522
28
0
142
170
18
0
94
7
0
1
4
5
125
124
16
10
22
5
5
12
9
1
1
1
3
1
1
1
49
32
4
6
10
4
6
12
12
1
4
5
1
4
105
93
5
4
10
19
5
4
10
6
6
2
2
2
19
19
9
2
2
13
9
2
2
146
22
15
8
2
2
140
135
18
25
52
18
25
5
5
1
2
1
105
7
13
15
9
24
24
7
11
18
7
11
239
238
8
17
14
39
21
21
3
1
8
12
3
1
8
19
16
3
3
6
3
3
46
46
5
10
18
5
10
21
21
5
5
6
16
15
15
4
1
1
5
4
1
1
10
5
0
1
0
35
3
0
5
8
21
20
5
5
10
5
5
23
22
2
1
3
6
2
1
3
18
18
1
1
2
1
1
3
3
1
1
1
44
4
0
10
14
91
20
5
22
47
27
6
2
0
3
5
2
0
1
14
1
2
1
4
413
267
15
0
43
58
13
0
36
16
3
1
3
7
8
4
0
0
1
6
6
1
1
2
1
1
19
19
20
17
2
2
2
18
18
3
5
8
3
5
39
35
2
1
6
9
2
1
6
13
13
0
3
3
0
3
19
19
6
0
8
14
6
0
8
39
3
1
4
8
15
9
1
1
1
1
65
64
23
11
44
23
11
11
10
2
1
3
2
1
0
21
21
3
14
17
3
14
22949
19981
553
212
585
1350
3054
3054
369
235
488
1092
369
235
488
1818
1438
107
253
63
423
107
253
63
5304
3932
293
418
965
293
418
2256
2098
412
284
212
908
2918
1139
101
33
28
162
101
33
28
2628
1163
101
35
76
212
101
35
76
4982
132
238
421
4305
3880
378
212
820
1410
378
212
820
5850
5700
64
17
174
255
2721
2433
162
105
382
162
105
438
52
1050
1050
25
20
56
101
25
20
56
8249
269
193
169
631
7000
520
529
741
1790
4606
374
74
28
86
188
18
6
17
1323
1205
124
121
109
354
124
121
109
23296
12182
212
6
348
566
123
5
213
1395
117
71
168
356
4469
2764
76
213
114
1376
1376
122
44
131
297
122
44
131
3141
2583
152
124
204
480
140
117
194
3607
2927
3619
171
155
201
527
7586
6889
246
272
523
1041
244
272
519
1603
1603
90
39
139
268
2866
2712
197
111
362
780
197
111
362
12141
76
65
56
197
4562
1932
113
51
229
393
113
51
229
6103
199
153
426
199
153
2013
1308
67
35
102
204
67
35
102
2288
123
67
184
63
3452
3119
80
254
334
80
254
5342
5302
20
3
17
8
4
4
25
8
17
53
15
38
28382
16917
53
16318
5883
0992
99
99
84
84
18
18
6
6
15
15
39
39
18
18
6
6
15
15
27
66
9
12
1092
39
39
25962
28821
64286
57143
35756
39394
39394
28723
28821
64286
57143
35756
46429
46429
142
99
43
123
99
24
4
3
1
3
2
1
22
9
13
29
14
15
4
3
1
3
2
1
22
9
13
18
55
4
6
423
29
14
15
21429
27778
40
31579
23267
20423
14141
34884
27692
30899
57143
375
29416
23577
14141
625
1392
1229
163
1376
1228
148
28
13
15
11
23
4
3
254
11
3
8
51
38
13
90
54
36
28
13
15
11
23
4
3
254
11
3
8
51
38
13
55
97
29
18
965
90
54
36
24775
14038
64444
3913
18194
6466
4394
22086
26066
14265
67442
3913
24542
6541
4397
24324
80
80
63
63
2
2
15
15
8
8
25
25
1
28
3
5
412
2
2
10
35
1
5
284
15
15
4
36
3
6
212
8
8
15
99
7
16
908
25
25
16304
44796
53846
7619
40248
3125
3125
18519
45205
58333
7619
43279
39683
39683
55
36
2
6
8
2
6
10
84
5
162
8
12676
34855
33333
5552
14545
18519
41584
33333
14223
22222
63
50
3
3
4
10
3
3
4
8
86
1
1
212
10
11268
33992
16667
10
8067
15873
14815
35102
20
20
18229
20
80
6
4
5
15
16
92
136
2702
23684
22857
1875
32394
103
89
9
8
11
28
9
8
11
39
94
9
10
1410
28
36449
33571
69231
47619
32753
27184
39796
36154
69231
50
3634
31461
665
511
154
601
469
125
16
4
12
19
5
14
28
5
23
63
14
49
16
4
12
19
5
14
28
5
23
29
62
9
6
63
14
49
25217
14091
13636
26087
4359
9474
274
31818
25664
17664
14063
27273
10483
2985
392
81
81
52
52
35
35
14
78
4
2
382
16092
32773
26667
11111
14039
4321
4321
18421
33051
26667
11111
15701
5
44
11872
404
376
28
391
376
15
1
4
5
1
4
0
1
101
5
1754
27198
0
33333
9619
17857
0
33333
9619
33333
641
544
97
6
11
8
25
18254
24101
19643
31818
7649
25773
400
54
71
44
169
2125
14
37
51648
25571
4225
1326
13
13
4
4
7
7
24
24
112
9854
15625
18519
4082
181
43
43
27
27
1
1
3
3
8
8
12
12
1
1
3
3
8
8
354
12
12
19847
33333
28571
26757
27907
27907
29378
44444
44444
2763
85
14
76
175
44
3
30
81
99
112
49
341
77
26241
21755
17838
14044
243
6334
50
50769
21456
18352
2799
97
57
40
16
97
57
40
5
3
2
4
3
1
14
4
10
23
10
13
5
3
2
1
4
3
1
14
4
10
23
10
13
18868
24405
71429
4375
2552
23711
17544
325
23711
17544
325
75
54
6
4
12
9
80
49
1
403
22
18
35242
39516
25
1458
40741
205
173
32
205
173
32
6
6
2
2
4
3
12
11
6
6
2
2
4
3
17
62
2
297
12
11
23944
26496
33333
21584
5854
6358
23944
26496
33333
21584
5854
6358
126
36
77
90
36
46
0
5
0
4
6
1
1
14
1
12
25
2
17
5
0
4
6
1
1
14
1
12
13
34
3
451
25
2
17
11607
7456
25
15282
19841
5556
22078
13
7572
33333
1746
27778
5556
36957
65
35
10
8
4
22
10
8
4
31
111
10
2
22
1962
28244
20408
10
33846
28704
30663
3125
11765
62857
79
63
6
6
12
6
6
20
51
5
8
12
22222
24171
41667
44444
14562
1519
23529
41667
44444
19048
85
46
8
9
19
36
8
9
19
26
68
19
9
1035
36
15116
10625
18095
23077
13723
42353
17219
1139
2043
25714
15024
78261
132
132
6
6
8
20
6
6
8
9
54
2
3
20
13846
21344
33333
23077
16719
15152
13846
21344
33333
23077
15152
90
90
71
71
8
8
15
15
11
11
33
76
13
14
780
34
34
38824
37073
68421
73684
28761
47887
47887
896
512
384
13143
11
20513
1623
622
3
3
8
11
3
7
24
11
101
393
42
8
8615
17742
20342
1272
1182
72
1226
1182
44
23
23
14
1
13
38
1
37
23
23
14
1
13
36
46
52
44
426
38
1
37
19459
902
37143
67692
698
2987
0085
51389
22222
9237
38519
6875
31
0085
84091
103
66
54
66
52
44
1
3
2
3
5
5
9
4
9
1
3
2
3
5
5
3
95
2
3
204
9
4
9
4545
40598
40
27273
10134
8738
6061
16667
5
43779
40
30
15596
13636
7692
20455
61
35
58095
33333
40
273
188
85
40
9
31
10
1
9
50
10
40
40
9
31
10
1
9
34
105
18
17
334
50
10
40
38202
27632
75
80952
9676
18315
5319
47059
28767
75
80952
10709
4655
3
10
74
1
1
3
10
74
1
1
9151
163
83
12
6
21
10
14
6
47
22
7332
4044
1262
1187
1228
1070
6
1
4
12
1
22
2
1792
0187
9
44
44
8
27
27
5
27
27
98
98
15068
10938
25521
90
39
139
268
16719
1405
1388
146
97
184
104
405
328
146
97
184
104
405
328
28826
29179
88
25
929
1898
14647
73
23
904
1897
13677
0
1
3
91
155
454
0
0
4
1
133
98
168
5
1
88
224
676
12
2
312
477
1298
1
3
91
155
454
4
1
133
98
168
5
1
88
224
676
12
2
312
477
1298
13636
8
33585
25132
8862
16438
8696
34513
25145
949
197
94
1195
2380
10434
183
94
1189
2380
10256
14
5
114
169
1010
0
12
4
45
337
559
23
12
250
546
2183
49
21
409
1052
3752
14
5
114
169
1010
0
12
4
45
337
559
23
12
250
546
2183
49
21
409
1052
3752
24873
2234
34226
44202
35959
26776
2234
34399
44202
36583
58632
136
88
232
456
0778
1102
224
30054
59
39
18
117
174
9
3
3
0
0
0
3
41
15
10714
0579
0
0
50
10963
25424
149
7
9
23
15436
2224
505
289
2
77
24
0
13
2
66
2
26
4
156
51
0
42
20
0
3
0
29
18
0
74
0
39
018
30891
25606
517
683
507
27
42
61
52
49
50
43
65
51
122
156
162
7
23598
2284
31953
4375
5747
1310
2026
30700
4
2
62
14
6
133
2
8
71
20
16
266
9
2
86
24
6
195
5
8
102
38
16
390
4629
2901
079
127
1099
1402
15266
1099
1402
15266
75
97
468
44
49
103
1
124
123
785
1
243
269
1356
75
97
468
44
49
103
1
124
123
785
1
243
269
1356
3125
22111
19187
8882
3125
22111
19187
8882
705
1650
33872
696
1650
33637
52
201
358
179
152
31
165
571
83
545
1081
52
201
358
179
152
31
165
571
83
545
1081
11773
3303
3191
11925
3303
3214
79
699
1508
24818
63
6
75
48
401
47
140
199
6
190
169
1036
12
312
357
1621
6
6
12
1519
44635
23674
6532
19048
1153
786
3118
1153
786
3118
8
8
102
96
358
15
15
121
45
230
11
11
164
116
487
34
34
387
257
1075
102
96
358
121
45
230
164
116
487
387
257
1075
34021
37073
68421
73684
27216
37778
37778
33565
32697
34477
33565
32697
34477
2875
36242
43
3226
30
34
138
2
26
45
102
52
111
272
2
2
190
512
30
34
138
2
26
45
102
3
52
111
272
2
2
108
190
512
1028
17119
13333
13333
6609
1413
25
22222
18605
15871
923
1383
12220
907
1383
12047
63
2
9
33
23
119
63
2
9
33
23
119
0974
0988
543
1954
638
871
38140
4216
2600
1603
1640
1761
22745
62
83
372
6120
413
9
49
16
123
241
10
2
3
4
44
4
15
11
75
105
7
1
2
6
6
24
61
17
101
319
92
9
46
32
48
37
125
44
299
665
109
12
51
42
98
0
18
168
2
2
7
85
2
4
21
195
19
6
46
448
23
6814
6397
6897
34328
1744
2585
0462
3182
2561
0431
9677
55422
732
5569
598
556
10371
597
551
10119
1
1
1
24
74
43
2
19
64
40
1
116
43
54
159
181
137
1
1
1
24
74
43
2
19
64
40
1
116
43
54
159
181
137
26589
32554
1321
26633
32849
1354
213
7
32
32
13
3
0
0
21
2
6
6
31
1
0
0
65
6
374
6
6
30516
85714
16346
1875
1875
62
233
7
13
1937
87
42
45
54
231
7
13
1304
72
27
45
3
19
1
1
110
0
0
0
41
18
38
0
4
1
1
16
1
1
3
2
7
2
16
0
2
83
1
1
17
4
34
5
39
2
4
209
2
1
1
61
24
79
3
19
1
1
110
0
0
0
0
4
1
1
16
1
1
2
16
0
1
83
1
1
5
39
2
3
209
2
1
1
8065
16738
28571
30769
1079
2299
2381
2222
9259
16883
28571
23077
16028
2778
3704
2222
43
71
50
12
126
14
112
104
12
42
10
18
135
34
101
101
55
120
20
11
148
50
98
94
110
234
80
38
409
98
311
299
2020
3880
114940
2014
3878
27
30
1
14
1
71
005
0062
521
838
5238
521
838
5227
201
135
230
140
495
566
201
135
230
140
495
566
26871
59069
10806
26871
59069
10828
886
1526
32000
78
186
1091
70
136
961
76
247
1261
224
569
3313
25282
37287
10353
1002
4270
50
179
84
104
87
319
221
602
22056
14098
596
1230
30
51
19
28
64
100
113
179
1896
14553
1800
1600
5300
138
41
2
103
20
43
240
63
65
13333
3938
1226
1051
1133
9
11
3
5
3
29
15
45
53
168
7
1395
517
683
507
0
11
0
3
117
27
42
61
2
11
1
71
52
49
50
8
19
4
3
168
43
65
51
10
41
5
356
122
156
162
18868
24405
71429
2552
23598
2284
31953
885
466
884
466
42870
10
54
13
20
22
164
45
238
10
54
13
20
22
164
45
238
5085
509
0555
97
42
97
42
5
1
6
6
1
17
3
5
1
6
6
1
17
3
17526
7143
17526
7143
108
241
890
196
191
1943
447
7
9
5
22
58
2
3
23
10
13
19
5
15
90
21
30
13
60
158
8714
3371
6633
31414
8132
560
687
17100
559
687
17000
41
18
38
3
2
7
17
4
34
61
24
79
10893
3493
0462
10912
3493
0465
68
389
7
13
1334
105
51
54
470
250
25000
59
368
7
13
786
85
49
36
3
17
1
1
66
0
0
0
13
16
54
4
20
1
3
41
2
0
2
26
3
22
7
56
2
4
130
5
1
4
48
43
89
3
17
1
1
66
0
0
0
13
16
54
4
20
1
3
41
2
0
2
26
3
22
7
56
2
4
130
5
1
4
48
43
89
10294
14396
28571
9745
4762
1961
10213
172
0356
11864
15217
28571
16539
5882
2041
11111
41
8
553
20
3
17
27
9
17
212
8
4
4
30
57
14
585
25
8
17
1
14
107
135
60
39
1350
53
15
38
1
71
30398
17624
5556
16387
6756
1
005
1016
2100
53464
1016
2100
53464
69
135
310
34
57
302
135
251
356
238
443
968
69
135
310
34
57
302
135
251
356
238
443
968
23425
21095
1811
23425
21095
1811
1060
11
22
51
7
18
8
179
26
219
845
15951
2066
51
28
100
179
1209
2704
237
153
19603
5658
20636
2677
2676